28
0 120999146 136987924 438515315 129099933 668461222 570981511 728257729 340240729 928104871 65304379 784928508 401296664 690017157 84017875 894892898 713122606 325699987 43682975 637917173 221735821 313480942 700477795 802111064 857296504 442510270 89618199 181183810
120999146 0 40280999 805152546 971852321 574343409 221329455 551666498 965382636 464748969 842202106 545206283 903079778 35094958 429336930 720571222 952769734 408388854 50514865 871736242 57584824 118564698 673784691 342905930 338125822 773429065 62382450 369453245
136987924 40280999 0 234164454 983937488 885417013 57893312 540440394 953292241 105872436 646596193 276287905 244718550 619519152 578822041 16609338 230441676 484659329 225072892 398793145 684185411 359276034 852411165 634546070 866018073 207078157 312651094 10097001
438515315 805152546 234164454 0 410134225 394300887 584381871 165573287 144902419 123582647 140145001 127534371 696658577 803294929 559811577 29190516 782661943 514686813 729100215 910647926 747165460 829011041 71823458 489807159 835065313 857344783 267282041 370504521
129099933 971852321 983937488 410134225 0 86086437 154204049 512342480 86035524 242780928 630412665 580361498 923575834 322191158 192014409 796633468 119932537 546683978 432384534 108164902 140519367 701887370 547390766 227640803 510544637 659400969 738280309 99611572
668461222 574343409 885417013 394300887 86086437 0 738660729 452470821 289571086 505538017 134706415 602636875 20801451 334280933 783587083 940732244 618863044 168335178 267319887 535373865 201499817 725160671 338428922 152130560 841323884 841728390 813796994 71283549
570981511 221329455 57893312 584381871 154204049 738660729 0 669622703 987645468 199537013 170189559 833497706 728508574 412368057 235524450 641040997 263420409 925036722 944916772 729080956 652532397 666415978 269296694 715231872 623928018 692474075 153189966 375804845
728257729 551666498 540440394 165573287 512342480 452470821 669622703 0 423893886 745991283 917006962 569752320 144327567 946079172 277645214 243193942 832590609 876453250 470850912 796833592 746971523 738132895 866684149 928498199 263447616 187583662 976016018 690139394
340240729 965382636 953292241 144902419 86035524 289571086 987645468 423893886 0 983136444 498351627 168745739 355924229 696252934 641105035 968755343 341598454 928472013 634063725 454223174 597836965 114167505 689572434 246388488 97154821 175274604 645498866 298702528
928104871 464748969 105872436 123582647 242780928 505538017 199537013 745991283 983136444 0 78228861 687931378 987918030 727024412 776026757 956678858 889752736 452720553 30265497 403988143 403721689 659739773 918907490 150318222 157189035 203919131 305360396 556804228
65304379 842202106 646596193 140145001 630412665 134706415 170189559 917006962 498351627 78228861 0 25556222 767675763 429649275 478219070 9273458 346283651 11844689 170224154 945062274 956715523 31924187 292588975 849120860 626682906 521450008 624826185 57525845
784928508 545206283 276287905 127534371 580361498 602636875 833497706 569752320 168745739 687931378 25556222 0 39770237 739609644 115129181 747543114 906815307 152089336 233237753 621479206 163056092 55285186 817571123 925374177 850977848 542450577 89137985 328898093
401296664 903079778 244718550 696658577 923575834 20801451 728508574 144327567 355924229 987918030 767675763 39770237 0 879769415 14794716 522400393 693782514 237462880 310521575 158107041 661594742 560410488 959281983 144892127 865147377 561050789 804282524 541889825
690017157 35094958 619519152 803294929 322191158 334280933 412368057 946079172 696252934 727024412 429649275 739609644 879769415 0 647713890 605708171 787563199 322160445 363661868 272551814 716321675 920735596 237458599 398434867 547354125 483834181 278984850 375688946
84017875 429336930 578822041 559811577 192014409 783587083 235524450 277645214 641105035 776026757 478219070 115129181 14794716 647713890 0 235611799 656787150 768682370 30383316 767759721 768003151 860283017 110596904 729447157 291373786 666635165 215551309 127439949
894892898 720571222 16609338 29190516 796633468 940732244 641040997 243193942 968755343 956678858 9273458 747543114 522400393 605708171 235611799 0 558988762 968998501 169764888 136585361 590039320 130521101 240580147 621850442 244996624 281236448 168847257 637860162
713122606 952769734 230441676 782661943 119932537 618863044 263420409 832590609 341598454 889752736 346283651 906815307 693782514 787563199 656787150 558988762 0 643437693 450267291 638455939 568646343 634454758 243465869 452366143 939186671 744939400 594398943 88758221
325699987 408388854 484659329 514686813 546683978 168335178 925036722 876453250 928472013 452720553 11844689 152089336 237462880 322160445 768682370 968998501 643437693 0 509435980 61417522 716350006 758692855 754150540 469546842 470490191 606001978 553423322 860742112
43682975 50514865 225072892 729100215 432384534 267319887 944916772 470850912 634063725 30265497 170224154 233237753 310521575 363661868 30383316 169764888 450267291 509435980 0 286340474 451084111 367621879 417951469 539193693 110958524 339209101 316656379 825399220
637917173 871736242 398793145 910647926 108164902 535373865 729080956 796833592 454223174 403988143 945062274 621479206 158107041 272551814 767759721 136585361 638455939 61417522 286340474 0 528630621 37543666 281530082 387659516 736419272 825332344 938695783 195532272
221735821 57584824 684185411 747165460 140519367 201499817 652532397 746971523 597836965 403721689 956715523 163056092 661594742 716321675 768003151 590039320 568646343 716350006 451084111 528630621 0 929265562 3734782 713639740 379219571 409340060 362188486 296560866
313480942 118564698 359276034 829011041 701887370 725160671 666415978 738132895 114167505 659739773 31924187 55285186 560410488 920735596 860283017 130521101 634454758 758692855 367621879 37543666 929265562 0 837883412 534692970 498680309 105053325 979254770 898263825
700477795 673784691 852411165 71823458 547390766 338428922 269296694 866684149 689572434 918907490 292588975 817571123 959281983 237458599 110596904 240580147 243465869 754150540 417951469 281530082 3734782 837883412 0 516992535 361856442 334942889 615808805 226507934
802111064 342905930 634546070 489807159 227640803 152130560 715231872 928498199 246388488 150318222 849120860 925374177 144892127 398434867 729447157 621850442 452366143 469546842 539193693 387659516 713639740 534692970 516992535 0 100482924 701010888 280079020 152656046
857296504 338125822 866018073 835065313 510544637 841323884 623928018 263447616 97154821 157189035 626682906 850977848 865147377 547354125 291373786 244996624 939186671 470490191 110958524 736419272 379219571 498680309 361856442 100482924 0 52772808 162058869 744845166
442510270 773429065 207078157 857344783 659400969 841728390 692474075 187583662 175274604 203919131 521450008 542450577 561050789 483834181 666635165 281236448 744939400 606001978 339209101 825332344 409340060 105053325 334942889 701010888 52772808 0 734380867 27581792
89618199 62382450 312651094 267282041 738280309 813796994 153189966 976016018 645498866 305360396 624826185 89137985 804282524 278984850 215551309 168847257 594398943 553423322 316656379 938695783 362188486 979254770 615808805 280079020 162058869 734380867 0 599790352
181183810 369453245 10097001 370504521 99611572 71283549 375804845 690139394 298702528 556804228 57525845 328898093 541889825 375688946 127439949 637860162 88758221 860742112 825399220 195532272 296560866 898263825 226507934 152656046 744845166 27581792 599790352 0
