26
0 156648746 154396384 528756313 264440383 725454492 108201616 549862302 875317523 567530398 134166194 148171212 705924883 487449327 695564571 139381337 192576280 36819590 544659197 829251359 869082275 544258177 792547135 888333016 181217910 797782114
156648746 0 640494892 434883274 659789617 696703871 428505484 176916719 629938577 381873603 414950796 459480021 701326768 911192541 532291996 251320507 339470264 716162336 175477372 473970282 25145201 607157916 344979556 729753828 778665738 239098408
154396384 640494892 0 318065816 608119380 543030428 322953840 909058872 244419357 560028831 721407802 458194371 360797562 522937781 942581882 149124068 91311827 182538448 385632116 477181978 819042066 974478438 606529987 973849297 994337227 685400425
528756313 434883274 318065816 0 648104885 663661240 119811886 455464665 781214570 7218487 553010676 711527040 153907111 366865480 651125279 414594572 674221023 877980488 74114210 395005915 236424237 105432268 854248606 368415357 332058127 510134242
264440383 659789617 608119380 648104885 0 890791532 691103780 307270851 196670271 861789186 955308711 805750859 153703898 175671834 371623643 331487169 82572049 234609344 281221795 204518013 62605193 44562564 694655264 195626384 762456137 577467057
725454492 696703871 543030428 663661240 890791532 0 306647414 584469329 304620505 144376610 381588618 225659487 312119365 3720977 124409048 269144629 432342320 970639970 749035961 819349760 647411618 650759971 98844756 789440908 24400815 50978805
108201616 428505484 322953840 119811886 691103780 306647414 0 722629343 633084214 625456810 132249152 923622442 610379669 958798378 63074408 189437147 906953259 96912084 69575117 65949542 963213705 725160370 675361364 599511875 386891485 752028766
549862302 176916719 909058872 455464665 307270851 584469329 722629343 0 842804669 780877708 739990894 616919641 633051911 537811758 599149591 248342016 996236455 154071710 403681059 849289623 550125446 205744622 540932136 6405002 904050171 164889532
875317523 629938577 244419357 781214570 196670271 304620505 633084214 842804669 0 589558486 349655325 541627396 179752937 487222100 243222914 963352506 898717035 720041811 477587442 779931867 754369251 56560140 720653471 933416558 182407666 217280532
567530398 381873603 560028831 7218487 861789186 144376610 625456810 780877708 589558486 0 541586881 189845338 356035805 451715495 423151881 406539487 293935164 241584076 276294863 351133755 97791695 163959670 638568586 56060135 636003294 710088559
134166194 414950796 721407802 553010676 955308711 381588618 132249152 739990894 349655325 541586881 0 545052260 857066210 514312094 252728018 845833860 823871256 888321423 344958618 458419082 503316297 788812018 259188591 326810208 108423720 522973050
148171212 459480021 458194371 711527040 805750859 225659487 923622442 616919641 541627396 189845338 545052260 0 510023590 913636469 259733480 755591984 241618061 204059421 247221529 60835260 263982839 759517420 477025351 692565033 375403884 850448894
705924883 701326768 360797562 153907111 153703898 312119365 610379669 633051911 179752937 356035805 857066210 510023590 0 134561869 643176869 896411912 426188561 444486812 256653851 97550049 622206694 870450851 199659791 898701471 843008606 695807095
487449327 911192541 522937781 366865480 175671834 3720977 958798378 537811758 487222100 451715495 514312094 913636469 134561869 0 401033745 346209706 552250085 306061338 88799826 14347775 583095008 786197015 923181961 315946986 967930132 512732493
695564571 532291996 942581882 651125279 371623643 124409048 63074408 599149591 243222914 423151881 252728018 259733480 643176869 401033745 0 599986363 602446372 405953440 390143235 568484556 633551381 332668941 932329452 911332404 163815973 744621933
139381337 251320507 149124068 414594572 331487169 269144629 189437147 248342016 963352506 406539487 845833860 755591984 896411912 346209706 599986363 0 326439606 718697235 215677770 889658732 82619260 280884396 657848015 784951414 457948520 765043644
192576280 339470264 91311827 674221023 82572049 432342320 906953259 996236455 898717035 293935164 823871256 241618061 426188561 552250085 602446372 326439606 0 185635311 69615947 259645749 28565500 896616998 785316591 556831370 638332658 5572719
36819590 716162336 182538448 877980488 234609344 970639970 96912084 154071710 720041811 241584076 888321423 204059421 444486812 306061338 405953440 718697235 185635311 0 421663553 554047063 11547032 354325646 876288044 37285994 600592575 749446521
544659197 175477372 385632116 74114210 281221795 749035961 69575117 403681059 477587442 276294863 344958618 247221529 256653851 88799826 390143235 215677770 69615947 421663553 0 633917839 546769678 78199529 568202699 754591963 963917028 370336434
829251359 473970282 477181978 395005915 204518013 819349760 65949542 849289623 779931867 351133755 458419082 60835260 97550049 14347775 568484556 889658732 259645749 554047063 633917839 0 794174955 380937487 711859964 89276725 156722719 988285030
869082275 25145201 819042066 236424237 62605193 647411618 963213705 550125446 754369251 97791695 503316297 263982839 622206694 583095008 633551381 82619260 28565500 11547032 546769678 794174955 0 27828123 835360370 738593187 359729359 981229809
544258177 607157916 974478438 105432268 44562564 650759971 725160370 205744622 56560140 163959670 788812018 759517420 870450851 786197015 332668941 280884396 896616998 354325646 78199529 380937487 27828123 0 264697884 993973134 560390518 180999313
792547135 344979556 606529987 854248606 694655264 98844756 675361364 540932136 720653471 638568586 259188591 477025351 199659791 923181961 932329452 657848015 785316591 876288044 568202699 711859964 835360370 264697884 0 784935039 235226467 787390629
888333016 729753828 973849297 368415357 195626384 789440908 599511875 6405002 933416558 56060135 326810208 692565033 898701471 315946986 911332404 784951414 556831370 37285994 754591963 89276725 738593187 993973134 784935039 0 568069676 687572860
181217910 778665738 994337227 332058127 762456137 24400815 386891485 904050171 182407666 636003294 108423720 375403884 843008606 967930132 163815973 457948520 638332658 600592575 963917028 156722719 359729359 560390518 235226467 568069676 0 811799398
797782114 239098408 685400425 510134242 577467057 50978805 752028766 164889532 217280532 710088559 522973050 850448894 695807095 512732493 744621933 765043644 5572719 749446521 370336434 988285030 981229809 180999313 787390629 687572860 811799398 0
