32
0 451794314 2028037 111681588 177741457 727272894 625817844 358996390 499848367 130997331 334404235 915162678 653545259 78145328 571051694 870020617 628486949 550847494 853056579 130763529 721753845 523106616 434672391 700743486 87302527 305802577 211866651 237084800 15243388 550253103 933593593 870012864
451794314 0 288974909 291303632 164199418 383855815 903511050 239303569 7061287 463541289 867470925 71459492 112784412 581004064 550324427 207534299 510176861 458109739 626274617 549763654 474964155 739024885 105983829 608345215 956897892 763536091 180200905 907324872 702028202 663568049 617144201 947432470
2028037 288974909 0 155763712 280452914 451963117 636159790 23523747 551242323 120030523 674397136 341562698 626625485 943346726 172354129 532166635 446057125 758608226 597214909 582647216 587182878 980716431 375024120 815071559 985380244 336975230 882036385 574395368 224743464 242794950 133150763 883101076
111681588 291303632 155763712 0 745629015 263419161 788165373 398318281 622426888 986922531 958197434 951473804 423006839 856912692 844757180 503056550 926002845 568056529 510226327 556636623 550621781 152225730 531433894 180352086 582435991 338281497 726140430 291432308 311700320 840665883 81723895 962033506
177741457 164199418 280452914 745629015 0 854025925 442332844 935986353 79384002 112618850 404243924 52898442 483894301 227723599 27279851 66284175 368100055 253805046 461020001 622786608 433177566 99227632 614069541 336664642 6608577 114673431 867745814 35586196 571143618 57760879 74330508 676294055
727272894 383855815 451963117 263419161 854025925 0 275132246 142493592 19141560 230228300 86377174 401242089 669309742 266280591 835825143 660803648 867115953 617776915 180426754 123862180 989881169 423647480 528901509 280134951 464022604 807004526 843037105 951947000 455987627 456838764 227500971 373156934
625817844 903511050 636159790 788165373 442332844 275132246 0 695297770 513456960 678849560 618061916 794478014 618420173 128456734 711708323 200677819 621658024 860690631 43412191 846344645 949027832 59551364 808264285 168859884 175084790 389190500 208630878 458646504 575524419 471916299 915828242 114102533
358996390 239303569 23523747 398318281 935986353 142493592 695297770 0 313082157 504459522 863589554 364178763 342823400 832249497 241389523 118884818 257571540 433527490 868977854 760720366 568805827 975997760 996866914 576353231 683266391 962890489 944395334 304064857 76108177 38786344 631320900 83925882
499848367 7061287 551242323 622426888 79384002 19141560 513456960 313082157 0 679335110 791513591 453002785 63159789 530649785 601591618 741997440 500057709 86561732 542275936 770611024 195162271 587481860 745140973 761089112 501862907 108514522 271708931 28039240 804158521 900175864 620907419 781464519
130997331 463541289 120030523 986922531 112618850 230228300 678849560 504459522 679335110 0 435167767 706324970 669473697 552244092 95282135 706435381 658107225 438782170 209267734 160906495 969391498 689797242 56268139 310076619 967413623 78431292 623265243 686130638 668871654 72535530 433606847 753373998
334404235 867470925 674397136 958197434 404243924 86377174 618061916 863589554 791513591 435167767 0 720922658 552010351 760049622 388198169 66950056 864636173 532703055 120714502 46147265 910191630 942223509 759836600 304003094 484718004 878717496 816371134 714159284 211336246 813624950 43215746 972445777
915162678 71459492 341562698 951473804 52898442 401242089 794478014 364178763 453002785 706324970 720922658 0 785773594 285284864 895143571 578541378 955201485 330922633 386859145 639857947 114548429 362895767 78552171 83056178 617253574 403000081 747264388 611174939 457775452 691649051 45956407 785060110
653545259 112784412 626625485 423006839 483894301 669309742 618420173 342823400 63159789 669473697 552010351 785773594 0 907915613 122021473 975233884 957474455 464996346 84098970 431937569 474202086 204797314 111933668 307780515 825068049 793108760 708077556 286421937 443110257 820683815 294506745 455384569
78145328 581004064 943346726 856912692 227723599 266280591 128456734 832249497 530649785 552244092 760049622 285284864 907915613 0 420267989 175415879 167265452 459050659 314300240 294403014 64884460 532352218 204658092 98992432 495045358 281288305 90765576 348381126 863389868 949829213 231641038 274344623
571051694 550324427 172354129 844757180 27279851 835825143 711708323 241389523 601591618 95282135 388198169 895143571 122021473 420267989 0 620832440 399008442 396169942 161552223 260015621 459208762 634094070 28006754 243035791 880548117 928598933 209724128 625755426 126489395 255672671 546614342 791371508
870020617 207534299 532166635 503056550 66284175 660803648 200677819 118884818 741997440 706435381 66950056 578541378 975233884 175415879 620832440 0 497916596 448906708 119634118 152536706 935590236 322778310 764401593 476132273 527208105 885567777 622903804 433820206 928121060 519859899 603609299 617382207
628486949 510176861 446057125 926002845 368100055 867115953 621658024 257571540 500057709 658107225 864636173 955201485 957474455 167265452 399008442 497916596 0 277614808 30107399 121038459 364830411 715453291 732123932 863471204 822668040 339577893 344839669 861275723 561958531 145137747 563751999 838633726
550847494 458109739 758608226 568056529 253805046 617776915 860690631 433527490 86561732 438782170 532703055 330922633 464996346 459050659 396169942 448906708 277614808 0 809928697 919321994 552865817 14371406 688293139 819145862 975435310 88841466 219853290 289979777 797463832 423646247 781857813 570282763
853056579 626274617 597214909 510226327 461020001 180426754 43412191 868977854 542275936 209267734 120714502 386859145 84098970 314300240 161552223 119634118 30107399 809928697 0 851501934 688217587 894999939 672712383 859516181 978633468 159610396 736616736 682086095 366334868 221160680 545181668 514430966
130763529 549763654 582647216 556636623 622786608 123862180 846344645 760720366 770611024 160906495 46147265 639857947 431937569 294403014 260015621 152536706 121038459 919321994 851501934 0 560792314 327962270 468924696 701455874 905111292 205321258 916270961 380623619 587464493 214783203 764184675 372484525
721753845 474964155 587182878 550621781 433177566 989881169 949027832 568805827 195162271 969391498 910191630 114548429 474202086 64884460 459208762 935590236 364830411 552865817 688217587 560792314 0 842741243 777760359 205980989 478112150 373371890 196958284 408305347 566463001 520235535 352533199 634425797
523106616 739024885 980716431 152225730 99227632 423647480 59551364 975997760 587481860 689797242 942223509 362895767 204797314 532352218 634094070 322778310 715453291 14371406 894999939 327962270 842741243 0 338013330 942428387 284212393 104693224 440001410 229586856 681172143 60772917 986305865 551526698
434672391 105983829 375024120 531433894 614069541 528901509 808264285 996866914 745140973 56268139 759836600 78552171 111933668 204658092 28006754 764401593 732123932 688293139 672712383 468924696 777760359 338013330 0 72726621 980064651 424187352 214684343 502129048 945114716 651799233 72715382 455824776
700743486 608345215 815071559 180352086 336664642 280134951 168859884 576353231 761089112 310076619 304003094 83056178 307780515 98992432 243035791 476132273 863471204 819145862 859516181 701455874 205980989 942428387 72726621 0 937789476 804486637 305426945 25446519 413896427 475281636 320611471 379011543
87302527 956897892 985380244 582435991 6608577 464022604 175084790 683266391 501862907 967413623 484718004 617253574 825068049 495045358 880548117 527208105 822668040 975435310 978633468 905111292 478112150 284212393 980064651 937789476 0 75820195 229904901 452060401 630528597 498349028 727155376 299972613
305802577 763536091 336975230 338281497 114673431 807004526 389190500 962890489 108514522 78431292 878717496 403000081 793108760 281288305 928598933 885567777 339577893 88841466 159610396 205321258 373371890 104693224 424187352 804486637 75820195 0 346811905 897933554 337985086 328168952 840677449 892614481
211866651 180200905 882036385 726140430 867745814 843037105 208630878 944395334 271708931 623265243 816371134 747264388 708077556 90765576 209724128 622903804 344839669 219853290 736616736 916270961 196958284 440001410 214684343 305426945 229904901 346811905 0 141870084 486347378 607442521 51268766 81335454
237084800 907324872 574395368 291432308 35586196 951947000 458646504 304064857 28039240 686130638 714159284 611174939 286421937 348381126 625755426 433820206 861275723 289979777 682086095 380623619 408305347 229586856 502129048 25446519 452060401 897933554 141870084 0 183660185 522769178 183594893 646920332
15243388 702028202 224743464 311700320 571143618 455987627 575524419 76108177 804158521 668871654 211336246 457775452 443110257 863389868 126489395 928121060 561958531 797463832 366334868 587464493 566463001 681172143 945114716 413896427 630528597 337985086 486347378 183660185 0 519973516 45193281 282117799
550253103 663568049 242794950 840665883 57760879 456838764 471916299 38786344 900175864 72535530 813624950 691649051 820683815 949829213 255672671 519859899 145137747 423646247 221160680 214783203 520235535 60772917 651799233 475281636 498349028 328168952 607442521 522769178 519973516 0 87091168 105985216
933593593 617144201 133150763 81723895 74330508 227500971 915828242 631320900 620907419 433606847 43215746 45956407 294506745 231641038 546614342 603609299 563751999 781857813 545181668 764184675 352533199 986305865 72715382 320611471 727155376 840677449 51268766 183594893 45193281 87091168 0 146743806
870012864 947432470 883101076 962033506 676294055 373156934 114102533 83925882 781464519 753373998 972445777 785060110 455384569 274344623 791371508 617382207 838633726 570282763 514430966 372484525 634425797 551526698 455824776 379011543 299972613 892614481 81335454 646920332 282117799 105985216 146743806 0
