38
0 264704197 120999146 40280999 234164454 410134225 86086437 738660729 669622703 423893886 983136444 78228861 25556222 39770237 879769415 647713890 235611799 558988762 643437693 509435980 286340474 528630621 929265562 837883412 516992535 100482924 52772808 734380867 599790352 881037234 501130119 667444605 522951161 602205583 818202475 901430342 807361520 634175117
264704197 0 136987924 438515315 129099933 668461222 570981511 728257729 340240729 928104871 65304379 784928508 401296664 690017157 84017875 894892898 713122606 325699987 43682975 637917173 221735821 313480942 700477795 802111064 857296504 442510270 89618199 181183810 363219948 751107032 423181627 85885665 898293860 324007774 636086218 642875472 843153344 537000401
120999146 136987924 0 805152546 971852321 574343409 221329455 551666498 965382636 464748969 842202106 545206283 903079778 35094958 429336930 720571222 952769734 408388854 50514865 871736242 57584824 118564698 673784691 342905930 338125822 773429065 62382450 369453245 766909962 508469231 966641925 866208268 876305539 608422754 292502906 819534976 237366813 384222483
40280999 438515315 805152546 0 983937488 885417013 57893312 540440394 953292241 105872436 646596193 276287905 244718550 619519152 578822041 16609338 230441676 484659329 225072892 398793145 684185411 359276034 852411165 634546070 866018073 207078157 312651094 10097001 542625171 307671666 366621967 221166146 713583463 241156717 760752795 497343164 493349993 441025849
234164454 129099933 971852321 983937488 0 394300887 584381871 165573287 144902419 123582647 140145001 127534371 696658577 803294929 559811577 29190516 782661943 514686813 729100215 910647926 747165460 829011041 71823458 489807159 835065313 857344783 267282041 370504521 231657310 507999415 608618061 963673720 169501973 927009838 323432900 142912010 584803239 754252108
410134225 668461222 574343409 885417013 394300887 0 154204049 512342480 86035524 242780928 630412665 580361498 923575834 322191158 192014409 796633468 119932537 546683978 432384534 108164902 140519367 701887370 547390766 227640803 510544637 659400969 738280309 99611572 545144535 520756793 936072922 431514130 692354474 525235777 319170370 159574371 594170986 675523106
86086437 570981511 221329455 57893312 584381871 154204049 0 452470821 289571086 505538017 134706415 602636875 20801451 334280933 783587083 940732244 618863044 168335178 267319887 535373865 201499817 725160671 338428922 152130560 841323884 841728390 813796994 71283549 908129469 745631224 771638072 572154241 590425869 26330288 627815219 817081938 919760600 32679843
738660729 728257729 551666498 540440394 165573287 512342480 452470821 0 987645468 199537013 170189559 833497706 728508574 412368057 235524450 641040997 263420409 925036722 944916772 729080956 652532397 666415978 269296694 715231872 623928018 692474075 153189966 375804845 857808700 52014388 796521561 589291507 138797942 350816998 116770363 260807988 109872641 818238629
669622703 340240729 965382636 953292241 144902419 86035524 289571086 987645468 0 745991283 917006962 569752320 144327567 946079172 277645214 243193942 832590609 876453250 470850912 796833592 746971523 738132895 866684149 928498199 263447616 187583662 976016018 690139394 828842600 230352221 282814428 484046818 423932057 324804570 270748787 569032646 162436711 282410430
423893886 928104871 464748969 105872436 123582647 242780928 505538017 199537013 745991283 0 498351627 168745739 355924229 696252934 641105035 968755343 341598454 928472013 634063725 454223174 597836965 114167505 689572434 246388488 97154821 175274604 645498866 298702528 58937965 525650738 707172910 76028159 89855279 64281672 848522386 461284519 479524148 47210910
983136444 65304379 842202106 646596193 140145001 630412665 134706415 170189559 917006962 498351627 0 687931378 987918030 727024412 776026757 956678858 889752736 452720553 30265497 403988143 403721689 659739773 918907490 150318222 157189035 203919131 305360396 556804228 640541108 660315722 649949343 331125923 953274951 458859964 566176918 931522758 339756055 316296338
78228861 784928508 545206283 276287905 127534371 580361498 602636875 833497706 569752320 168745739 687931378 0 767675763 429649275 478219070 9273458 346283651 11844689 170224154 945062274 956715523 31924187 292588975 849120860 626682906 521450008 624826185 57525845 137921815 503767010 222508649 943448847 36055194 757421184 269382538 357440133 612937461 827369309
25556222 401296664 903079778 244718550 696658577 923575834 20801451 728508574 144327567 355924229 987918030 767675763 0 739609644 115129181 747543114 906815307 152089336 233237753 621479206 163056092 55285186 817571123 925374177 850977848 542450577 89137985 328898093 28350886 204996751 870914963 963269306 583694890 484881735 760197523 92109771 118527668 740322912
39770237 690017157 35094958 619519152 803294929 322191158 334280933 412368057 946079172 696252934 727024412 429649275 739609644 0 14794716 522400393 693782514 237462880 310521575 158107041 661594742 560410488 959281983 144892127 865147377 561050789 804282524 541889825 652508654 276291221 453849073 950314008 284557380 231860715 716607965 695786347 98267328 858165232
879769415 84017875 429336930 578822041 559811577 192014409 783587083 235524450 277645214 641105035 776026757 478219070 115129181 14794716 0 605708171 787563199 322160445 363661868 272551814 716321675 920735596 237458599 398434867 547354125 483834181 278984850 375688946 643869973 664210989 301814340 454860215 125583279 741853637 269854968 988662715 610994557 7145962
647713890 894892898 720571222 16609338 29190516 796633468 940732244 641040997 243193942 968755343 956678858 9273458 747543114 522400393 605708171 0 656787150 768682370 30383316 767759721 768003151 860283017 110596904 729447157 291373786 666635165 215551309 127439949 722021608 151320875 446156727 671912499 109265482 100094374 452119349 997640683 89281857 834245142
235611799 713122606 952769734 230441676 782661943 119932537 618863044 263420409 832590609 341598454 889752736 346283651 906815307 693782514 787563199 656787150 0 968998501 169764888 136585361 590039320 130521101 240580147 621850442 244996624 281236448 168847257 637860162 678993723 599909211 275123659 631376617 517158975 413476035 216095588 88222446 974945370 355398069
558988762 325699987 408388854 484659329 514686813 546683978 168335178 925036722 876453250 928472013 452720553 11844689 152089336 237462880 322160445 768682370 968998501 0 450267291 638455939 568646343 634454758 243465869 452366143 939186671 744939400 594398943 88758221 841257574 925460171 405340166 421669677 679505068 861509035 551878799 901367480 695401048 447978048
643437693 43682975 50514865 225072892 729100215 432384534 267319887 944916772 470850912 634063725 30265497 170224154 233237753 310521575 363661868 30383316 169764888 450267291 0 61417522 716350006 758692855 754150540 469546842 470490191 606001978 553423322 860742112 133264624 408720654 639133553 686364693 899086402 466379692 561995103 731742988 488129989 322237571
509435980 637917173 871736242 398793145 910647926 108164902 535373865 729080956 796833592 454223174 403988143 945062274 621479206 158107041 272551814 767759721 136585361 638455939 61417522 0 451084111 367621879 417951469 539193693 110958524 339209101 316656379 825399220 93113222 240375863 908796254 493511239 30153826 737395667 605114428 163841780 515133051 280944444
286340474 221735821 57584824 684185411 747165460 140519367 201499817 652532397 746971523 597836965 403721689 956715523 163056092 661594742 716321675 768003151 590039320 568646343 716350006 451084111 0 37543666 281530082 387659516 736419272 825332344 938695783 195532272 542874973 829642972 624069800 243776850 152428854 473100877 347367663 795671284 652937312 129467789
528630621 313480942 118564698 359276034 829011041 701887370 725160671 666415978 738132895 114167505 659739773 31924187 55285186 560410488 920735596 860283017 130521101 634454758 758692855 367621879 37543666 0 3734782 713639740 379219571 409340060 362188486 296560866 243438394 167269687 989896706 33178914 400940805 485500327 585069043 106337837 917441227 533468369
929265562 700477795 673784691 852411165 71823458 547390766 338428922 269296694 866684149 689572434 918907490 292588975 817571123 959281983 237458599 110596904 240580147 243465869 754150540 417951469 281530082 3734782 0 534692970 498680309 105053325 979254770 898263825 898920791 511882951 739052214 771394023 814102622 883936894 796207312 806399633 877139 896433231
837883412 802111064 342905930 634546070 489807159 227640803 152130560 715231872 928498199 246388488 150318222 849120860 925374177 144892127 398434867 729447157 621850442 452366143 469546842 539193693 387659516 713639740 534692970 0 361856442 334942889 615808805 226507934 87870405 651482680 367907666 705494253 387312147 566698676 976644436 527279853 82935094 245263616
516992535 857296504 338125822 866018073 835065313 510544637 841323884 623928018 263447616 97154821 157189035 626682906 850977848 865147377 547354125 291373786 244996624 939186671 470490191 110958524 736419272 379219571 498680309 361856442 0 701010888 280079020 152656046 571326178 361674598 419326829 780656564 863423383 853582737 168236723 85692509 369633655 269187614
100482924 442510270 773429065 207078157 857344783 659400969 841728390 692474075 187583662 175274604 203919131 521450008 542450577 561050789 483834181 666635165 281236448 744939400 606001978 339209101 825332344 409340060 105053325 334942889 701010888 0 162058869 744845166 595882116 595158462 798705655 950203751 522109047 771426223 526468099 825600827 948184250 653873631
52772808 89618199 62382450 312651094 267282041 738280309 813796994 153189966 976016018 645498866 305360396 624826185 89137985 804282524 278984850 215551309 168847257 594398943 553423322 316656379 938695783 362188486 979254770 615808805 280079020 162058869 0 27581792 80857922 843234786 949998257 401551808 930181370 335434231 39759609 187824050 720802111 804440053
734380867 181183810 369453245 10097001 370504521 99611572 71283549 375804845 690139394 298702528 556804228 57525845 328898093 541889825 375688946 127439949 637860162 88758221 860742112 825399220 195532272 296560866 898263825 226507934 152656046 744845166 27581792 0 669576241 901936204 404075252 911153562 411641248 892162908 169964459 978085038 364262472 301129599
599790352 363219948 766909962 542625171 231657310 545144535 908129469 857808700 828842600 58937965 640541108 137921815 28350886 652508654 643869973 722021608 678993723 841257574 133264624 93113222 542874973 243438394 898920791 87870405 571326178 595882116 80857922 669576241 0 785745600 381212131 222352670 441522916 637795835 665264332 662394583 537818844 224523527
881037234 751107032 508469231 307671666 507999415 520756793 745631224 52014388 230352221 525650738 660315722 503767010 204996751 276291221 664210989 151320875 599909211 925460171 408720654 240375863 829642972 167269687 511882951 651482680 361674598 595158462 843234786 901936204 785745600 0 844178042 713096228 638436687 374816020 85791246 493339852 418022911 859394320
501130119 423181627 966641925 366621967 608618061 936072922 771638072 796521561 282814428 707172910 649949343 222508649 870914963 453849073 301814340 446156727 275123659 405340166 639133553 908796254 624069800 989896706 739052214 367907666 419326829 798705655 949998257 404075252 381212131 844178042 0 4873554 157747928 216075739 322395252 956562731 244117671 625589344
667444605 85885665 866208268 221166146 963673720 431514130 572154241 589291507 484046818 76028159 331125923 943448847 963269306 950314008 454860215 671912499 631376617 421669677 686364693 493511239 243776850 33178914 771394023 705494253 780656564 950203751 401551808 911153562 222352670 713096228 4873554 0 462976946 255716655 811953378 339381673 184035561 151351159
522951161 898293860 876305539 713583463 169501973 692354474 590425869 138797942 423932057 89855279 953274951 36055194 583694890 284557380 125583279 109265482 517158975 679505068 899086402 30153826 152428854 400940805 814102622 387312147 863423383 522109047 930181370 411641248 441522916 638436687 157747928 462976946 0 839738025 920480819 526029630 902811118 485191725
602205583 324007774 608422754 241156717 927009838 525235777 26330288 350816998 324804570 64281672 458859964 757421184 484881735 231860715 741853637 100094374 413476035 861509035 466379692 737395667 473100877 485500327 883936894 566698676 853582737 771426223 335434231 892162908 637795835 374816020 216075739 255716655 839738025 0 73868602 893915970 654967618 34390845
818202475 636086218 292502906 760752795 323432900 319170370 627815219 116770363 270748787 848522386 566176918 269382538 760197523 716607965 269854968 452119349 216095588 551878799 561995103 605114428 347367663 585069043 796207312 976644436 168236723 526468099 39759609 169964459 665264332 85791246 322395252 811953378 920480819 73868602 0 145225888 916469760 720556424
901430342 642875472 819534976 497343164 142912010 159574371 817081938 260807988 569032646 461284519 931522758 357440133 92109771 695786347 988662715 997640683 88222446 901367480 731742988 163841780 795671284 106337837 806399633 527279853 85692509 825600827 187824050 978085038 662394583 493339852 956562731 339381673 526029630 893915970 145225888 0 642095996 552205755
807361520 843153344 237366813 493349993 584803239 594170986 919760600 109872641 162436711 479524148 339756055 612937461 118527668 98267328 610994557 89281857 974945370 695401048 488129989 515133051 652937312 917441227 877139 82935094 369633655 948184250 720802111 364262472 537818844 418022911 244117671 184035561 902811118 654967618 916469760 642095996 0 302378597
634175117 537000401 384222483 441025849 754252108 675523106 32679843 818238629 282410430 47210910 316296338 827369309 740322912 858165232 7145962 834245142 355398069 447978048 322237571 280944444 129467789 533468369 896433231 245263616 269187614 653873631 804440053 301129599 224523527 859394320 625589344 151351159 485191725 34390845 720556424 552205755 302378597 0
