38
0 682152023 451794314 288974909 155763712 745629015 854025925 275132246 695297770 313082157 679335110 435167767 720922658 785773594 907915613 420267989 620832440 497916596 277614808 809928697 851501934 560792314 842741243 338013330 72726621 937789476 75820195 346811905 141870084 183660185 519973516 87091168 146743806 844795215 911413982 967629623 781034555 394177327
682152023 0 2028037 111681588 177741457 727272894 625817844 358996390 499848367 130997331 334404235 915162678 653545259 78145328 571051694 870020617 628486949 550847494 853056579 130763529 721753845 523106616 434672391 700743486 87302527 305802577 211866651 237084800 15243388 550253103 933593593 870012864 178845514 454254099 805263381 184391923 118599642 400684388
451794314 2028037 0 291303632 164199418 383855815 903511050 239303569 7061287 463541289 867470925 71459492 112784412 581004064 550324427 207534299 510176861 458109739 626274617 549763654 474964155 739024885 105983829 608345215 956897892 763536091 180200905 907324872 702028202 663568049 617144201 947432470 330235168 469367460 713580376 660040477 862078786 574053282
288974909 111681588 291303632 0 280452914 451963117 636159790 23523747 551242323 120030523 674397136 341562698 626625485 943346726 172354129 532166635 446057125 758608226 597214909 582647216 587182878 980716431 375024120 815071559 985380244 336975230 882036385 574395368 224743464 242794950 133150763 883101076 284596920 603046378 387302907 561200155 847989979 890762012
155763712 177741457 164199418 280452914 0 263419161 788165373 398318281 622426888 986922531 958197434 951473804 423006839 856912692 844757180 503056550 926002845 568056529 510226327 556636623 550621781 152225730 531433894 180352086 582435991 338281497 726140430 291432308 311700320 840665883 81723895 962033506 301422341 417499075 502855668 898560071 742385707 741521257
745629015 727272894 383855815 451963117 263419161 0 442332844 935986353 79384002 112618850 404243924 52898442 483894301 227723599 27279851 66284175 368100055 253805046 461020001 622786608 433177566 99227632 614069541 336664642 6608577 114673431 867745814 35586196 571143618 57760879 74330508 676294055 623894365 901499443 930031589 319304770 813864068 524423569
854025925 625817844 903511050 636159790 788165373 442332844 0 142493592 19141560 230228300 86377174 401242089 669309742 266280591 835825143 660803648 867115953 617776915 180426754 123862180 989881169 423647480 528901509 280134951 464022604 807004526 843037105 951947000 455987627 456838764 227500971 373156934 588608851 989010486 916421738 757944538 689336981 794659667
275132246 358996390 239303569 23523747 398318281 935986353 142493592 0 513456960 678849560 618061916 794478014 618420173 128456734 711708323 200677819 621658024 860690631 43412191 846344645 949027832 59551364 808264285 168859884 175084790 389190500 208630878 458646504 575524419 471916299 915828242 114102533 330146608 803124886 390890643 143115213 129251103 828836522
695297770 499848367 7061287 551242323 622426888 79384002 19141560 513456960 0 504459522 863589554 364178763 342823400 832249497 241389523 118884818 257571540 433527490 868977854 760720366 568805827 975997760 996866914 576353231 683266391 962890489 944395334 304064857 76108177 38786344 631320900 83925882 533413148 121220623 198825250 663391954 436653166 125485645
313082157 130997331 463541289 120030523 986922531 112618850 230228300 678849560 504459522 0 791513591 453002785 63159789 530649785 601591618 741997440 500057709 86561732 542275936 770611024 195162271 587481860 745140973 761089112 501862907 108514522 271708931 28039240 804158521 900175864 620907419 781464519 76470245 798998019 458864423 69550558 305164406 430267061
679335110 334404235 867470925 674397136 958197434 404243924 86377174 618061916 863589554 791513591 0 706324970 669473697 552244092 95282135 706435381 658107225 438782170 209267734 160906495 969391498 689797242 56268139 310076619 967413623 78431292 623265243 686130638 668871654 72535530 433606847 753373998 247849260 548236217 263814886 517196077 633982232 111038877
435167767 915162678 71459492 341562698 951473804 52898442 401242089 794478014 364178763 453002785 706324970 0 552010351 760049622 388198169 66950056 864636173 532703055 120714502 46147265 910191630 942223509 759836600 304003094 484718004 878717496 816371134 714159284 211336246 813624950 43215746 972445777 9246293 281817041 54240430 965389227 792637559 62745536
720922658 653545259 112784412 626625485 423006839 483894301 669309742 618420173 342823400 63159789 669473697 552010351 0 285284864 895143571 578541378 955201485 330922633 386859145 639857947 114548429 362895767 78552171 83056178 617253574 403000081 747264388 611174939 457775452 691649051 45956407 785060110 518634012 240553645 983167857 869461847 653151242 236639111
785773594 78145328 581004064 943346726 856912692 227723599 266280591 128456734 832249497 530649785 552244092 760049622 285284864 0 122021473 975233884 957474455 464996346 84098970 431937569 474202086 204797314 111933668 307780515 825068049 793108760 708077556 286421937 443110257 820683815 294506745 455384569 233187234 261052324 247517286 546809021 222757680 51750372
907915613 571051694 550324427 172354129 844757180 27279851 835825143 711708323 241389523 601591618 95282135 388198169 895143571 122021473 0 175415879 167265452 459050659 314300240 294403014 64884460 532352218 204658092 98992432 495045358 281288305 90765576 348381126 863389868 949829213 231641038 274344623 326891103 529457076 570280523 781250678 189059423 659612221
420267989 870020617 207534299 532166635 503056550 66284175 660803648 200677819 118884818 741997440 706435381 66950056 578541378 975233884 175415879 0 399008442 396169942 161552223 260015621 459208762 634094070 28006754 243035791 880548117 928598933 209724128 625755426 126489395 255672671 546614342 791371508 274768935 519427722 935108008 857579872 847572863 752844565
620832440 628486949 510176861 446057125 926002845 368100055 867115953 621658024 257571540 500057709 658107225 864636173 955201485 957474455 167265452 399008442 0 448906708 119634118 152536706 935590236 322778310 764401593 476132273 527208105 885567777 622903804 433820206 928121060 519859899 603609299 617382207 348647640 161692015 308153722 768671327 734209400 14852799
497916596 550847494 458109739 758608226 568056529 253805046 617776915 860690631 433527490 86561732 438782170 532703055 330922633 464996346 459050659 396169942 448906708 0 30107399 121038459 364830411 715453291 732123932 863471204 822668040 339577893 344839669 861275723 561958531 145137747 563751999 838633726 82779480 976242165 276492234 949232966 717560536 874034905
277614808 853056579 626274617 597214909 510226327 461020001 180426754 43412191 868977854 542275936 209267734 120714502 386859145 84098970 314300240 161552223 119634118 30107399 0 919321994 552865817 14371406 688293139 819145862 975435310 88841466 219853290 289979777 797463832 423646247 781857813 570282763 980656692 226544419 353591171 578716138 346612591 867871519
809928697 130763529 549763654 582647216 556636623 622786608 123862180 846344645 760720366 770611024 160906495 46147265 639857947 431937569 294403014 260015621 152536706 121038459 919321994 0 688217587 894999939 672712383 859516181 978633468 159610396 736616736 682086095 366334868 221160680 545181668 514430966 449516480 175029763 940800475 76163112 543939555 243779566
851501934 721753845 474964155 587182878 550621781 433177566 989881169 949027832 568805827 195162271 969391498 910191630 114548429 474202086 64884460 459208762 935590236 364830411 552865817 688217587 0 327962270 468924696 701455874 905111292 205321258 916270961 380623619 587464493 214783203 764184675 372484525 753554428 190714064 367481590 509062848 517050858 505721960
560792314 523106616 739024885 980716431 152225730 99227632 423647480 59551364 975997760 587481860 689797242 942223509 362895767 204797314 532352218 634094070 322778310 715453291 14371406 894999939 327962270 0 777760359 205980989 478112150 373371890 196958284 408305347 566463001 520235535 352533199 634425797 882617980 287964252 126401822 266371939 24589830 707299722
842741243 434672391 105983829 375024120 531433894 614069541 528901509 808264285 996866914 745140973 56268139 759836600 78552171 111933668 204658092 28006754 764401593 732123932 688293139 672712383 468924696 777760359 0 942428387 284212393 104693224 440001410 229586856 681172143 60772917 986305865 551526698 535805318 229891547 485594138 565850082 952920737 530860711
338013330 700743486 608345215 815071559 180352086 336664642 280134951 168859884 576353231 761089112 310076619 304003094 83056178 307780515 98992432 243035791 476132273 863471204 819145862 859516181 701455874 205980989 942428387 0 980064651 424187352 214684343 502129048 945114716 651799233 72715382 455824776 524334374 20904054 346645790 590791380 444435482 481744957
72726621 87302527 956897892 985380244 582435991 6608577 464022604 175084790 683266391 501862907 967413623 484718004 617253574 825068049 495045358 880548117 527208105 822668040 975435310 978633468 905111292 478112150 284212393 980064651 0 804486637 305426945 25446519 413896427 475281636 320611471 379011543 823734889 8696408 189381340 422058884 5765982 50580741
937789476 305802577 763536091 336975230 338281497 114673431 807004526 389190500 962890489 108514522 78431292 878717496 403000081 793108760 281288305 928598933 885567777 339577893 88841466 159610396 205321258 373371890 104693224 424187352 804486637 0 229904901 452060401 630528597 498349028 727155376 299972613 973035208 529348415 59895031 886502527 833739360 484149522
75820195 211866651 180200905 882036385 726140430 867745814 843037105 208630878 944395334 271708931 623265243 816371134 747264388 708077556 90765576 209724128 622903804 344839669 219853290 736616736 916270961 196958284 440001410 214684343 305426945 229904901 0 897933554 337985086 328168952 840677449 892614481 680272033 607373762 846516944 888402029 29103290 379745349
346811905 237084800 907324872 574395368 291432308 35586196 951947000 458646504 304064857 28039240 686130638 714159284 611174939 286421937 348381126 625755426 433820206 861275723 289979777 682086095 380623619 408305347 229586856 502129048 25446519 452060401 897933554 0 486347378 607442521 51268766 81335454 307300651 514539007 54422822 16414169 771252696 46814191
141870084 15243388 702028202 224743464 311700320 571143618 455987627 575524419 76108177 804158521 668871654 211336246 457775452 443110257 863389868 126489395 928121060 561958531 797463832 366334868 587464493 566463001 681172143 945114716 413896427 630528597 337985086 486347378 0 522769178 183594893 646920332 414219239 169566498 349828943 407960965 499383243 740544648
183660185 550253103 663568049 242794950 840665883 57760879 456838764 471916299 38786344 900175864 72535530 813624950 691649051 820683815 949829213 255672671 519859899 145137747 423646247 221160680 214783203 520235535 60772917 651799233 475281636 498349028 328168952 607442521 522769178 0 45193281 282117799 97026390 657279947 704698251 379599081 628989318 722766541
519973516 933593593 617144201 133150763 81723895 74330508 227500971 915828242 631320900 620907419 433606847 43215746 45956407 294506745 231641038 546614342 603609299 563751999 781857813 545181668 764184675 352533199 986305865 72715382 320611471 727155376 840677449 51268766 183594893 45193281 0 105985216 983962743 966631504 45911057 8122209 730863911 896329310
87091168 870012864 947432470 883101076 962033506 676294055 373156934 114102533 83925882 781464519 753373998 972445777 785060110 455384569 274344623 791371508 617382207 838633726 570282763 514430966 372484525 634425797 551526698 455824776 379011543 299972613 892614481 81335454 646920332 282117799 105985216 0 944504216 284016191 756238549 272522925 668912710 361788372
146743806 178845514 330235168 284596920 301422341 623894365 588608851 330146608 533413148 76470245 247849260 9246293 518634012 233187234 326891103 274768935 348647640 82779480 980656692 449516480 753554428 882617980 535805318 524334374 823734889 973035208 680272033 307300651 414219239 97026390 983962743 944504216 0 351748042 763158411 855444945 92465847 311657544
844795215 454254099 469367460 603046378 417499075 901499443 989010486 803124886 121220623 798998019 548236217 281817041 240553645 261052324 529457076 519427722 161692015 976242165 226544419 175029763 190714064 287964252 229891547 20904054 8696408 529348415 607373762 514539007 169566498 657279947 966631504 284016191 351748042 0 970495810 102385502 365769391 610996108
911413982 805263381 713580376 387302907 502855668 930031589 916421738 390890643 198825250 458864423 263814886 54240430 983167857 247517286 570280523 935108008 308153722 276492234 353591171 940800475 367481590 126401822 485594138 346645790 189381340 59895031 846516944 54422822 349828943 704698251 45911057 756238549 763158411 970495810 0 402157115 443637556 888091496
967629623 184391923 660040477 561200155 898560071 319304770 757944538 143115213 663391954 69550558 517196077 965389227 869461847 546809021 781250678 857579872 768671327 949232966 578716138 76163112 509062848 266371939 565850082 590791380 422058884 886502527 888402029 16414169 407960965 379599081 8122209 272522925 855444945 102385502 402157115 0 878870393 430365405
781034555 118599642 862078786 847989979 742385707 813864068 689336981 129251103 436653166 305164406 633982232 792637559 653151242 222757680 189059423 847572863 734209400 717560536 346612591 543939555 517050858 24589830 952920737 444435482 5765982 833739360 29103290 771252696 499383243 628989318 730863911 668912710 92465847 365769391 443637556 878870393 0 420512486
394177327 400684388 574053282 890762012 741521257 524423569 794659667 828836522 125485645 430267061 111038877 62745536 236639111 51750372 659612221 752844565 14852799 874034905 867871519 243779566 505721960 707299722 530860711 481744957 50580741 484149522 379745349 46814191 740544648 722766541 896329310 361788372 311657544 610996108 888091496 430365405 420512486 0
