12
0 120999146 136987924 438515315 129099933 668461222 570981511 728257729 340240729 928104871 65304379 784928508
120999146 0 40280999 805152546 971852321 574343409 221329455 551666498 965382636 464748969 842202106 545206283
136987924 40280999 0 234164454 983937488 885417013 57893312 540440394 953292241 105872436 646596193 276287905
438515315 805152546 234164454 0 410134225 394300887 584381871 165573287 144902419 123582647 140145001 127534371
129099933 971852321 983937488 410134225 0 86086437 154204049 512342480 86035524 242780928 630412665 580361498
668461222 574343409 885417013 394300887 86086437 0 738660729 452470821 289571086 505538017 134706415 602636875
570981511 221329455 57893312 584381871 154204049 738660729 0 669622703 987645468 199537013 170189559 833497706
728257729 551666498 540440394 165573287 512342480 452470821 669622703 0 423893886 745991283 917006962 569752320
340240729 965382636 953292241 144902419 86035524 289571086 987645468 423893886 0 983136444 498351627 168745739
928104871 464748969 105872436 123582647 242780928 505538017 199537013 745991283 983136444 0 78228861 687931378
65304379 842202106 646596193 140145001 630412665 134706415 170189559 917006962 498351627 78228861 0 25556222
784928508 545206283 276287905 127534371 580361498 602636875 833497706 569752320 168745739 687931378 25556222 0
