10
0 156648746 154396384 528756313 264440383 725454492 108201616 549862302 875317523 567530398
156648746 0 640494892 434883274 659789617 696703871 428505484 176916719 629938577 381873603
154396384 640494892 0 318065816 608119380 543030428 322953840 909058872 244419357 560028831
528756313 434883274 318065816 0 648104885 663661240 119811886 455464665 781214570 7218487
264440383 659789617 608119380 648104885 0 890791532 691103780 307270851 196670271 861789186
725454492 696703871 543030428 663661240 890791532 0 306647414 584469329 304620505 144376610
108201616 428505484 322953840 119811886 691103780 306647414 0 722629343 633084214 625456810
549862302 176916719 909058872 455464665 307270851 584469329 722629343 0 842804669 780877708
875317523 629938577 244419357 781214570 196670271 304620505 633084214 842804669 0 589558486
567530398 381873603 560028831 7218487 861789186 144376610 625456810 780877708 589558486 0
